GSM50777	GSM50778	GSM50779	GSM50780	GSM50781	GSM50782	GSM50783	GSM50784	pvalues	adj.pvalues
DNAJA1	660.9	541.3	466.2	510.7	877.9	1039.3	904.4	1000.1	0.000123983353862501	0.0358794944690664
DNAJA1	688.4	855.5	857.9	932.4	1582.2	1580.3	1660	1610	1.62341826843417e-06	0.00361746292755186
TNFAIP1	63.9	98.8	73.9	84	197.8	256.7	221	231.1	1.40910749110925e-05	0.0121454161587462
JUNB	27.5	59.9	39.7	55.4	130	172	171.6	155	3.25955517603713e-05	0.0181581669969089
NFKBIA	68.2	174.1	170.9	260.6	989.3	1574.4	1329.1	1749	0.000115259160491335	0.0347630789856268
ICMT	180.8	199	196.6	214.2	154	142.4	136.2	145.8	0.000204278490102806	0.0484248680314981
IFNGR2	350.9	366.1	319	360.6	772.1	834.5	735.5	1032	0.000110162872924929	0.0340938791303638
ACSL3	214.4	247.8	251.1	191	390.5	479.8	492.9	480.3	4.61897255080189e-05	0.0188751621533878
PPP2R5C	141	128.9	116.6	131.5	92	88.8	87.5	89.4	0.000100609429734131	0.0329688223936125
WWTR1	222.1	240.8	255.4	221.6	147.4	123.4	142.9	123	2.04220902482383e-05	0.0133842775588675
UNG	91.8	100.8	90.2	84.8	61.7	58.8	50.9	49.9	7.8007380950654e-05	0.0275910868210067
IRF1	71.1	64.6	70.8	62	209.3	232.5	206.2	216.7	6.09440030461323e-08	0.000459215082318355
NRIP1	157.1	153.4	147.1	139	354.2	372.4	402.6	391.6	1.51374292484845e-07	0.000562178893239967
ICAM1	139.4	125.3	84.6	143.6	1921.9	2052.4	1688.3	1609.6	5.97150784828771e-07	0.00189206285498977
TNFAIP3	45.2	46.1	41.9	36.1	253.9	324.9	275	324.9	1.8262750110219e-06	0.00362519316461889
TNFSF10	36	29.4	13.8	28.4	83.5	101.3	93.6	70.6	0.000119187463857944	0.0349454507519284
CXCL8	1034.2	393.9	539.3	403.2	3202.3	3763.7	2959.5	3630	5.82977115889211e-06	0.00683709424913646
CTSS	52.8	37.9	50.7	28.8	108.6	123.2	140.9	113.2	4.41790370011901e-05	0.0186654501527059
IL1R1	70.9	38.1	28.5	37.4	131.8	134.6	131.3	127.4	2.81798166679055e-05	0.0164479868262129
FHL2	916.4	893.8	970.1	980.1	576.5	532.6	656.6	623.9	1.5835849445406e-05	0.0123056174580128
LGALS9	16.9	20.2	23	23.4	37.5	35.2	41.9	41.6	0.000201585993712303	0.0484248680314981
CX3CL1	31	8.8	21.5	22.2	375.2	444.7	429.3	463.2	1.18777914633457e-07	0.000529345654355464
PDE4B	376.2	449.1	419.2	452.3	612.8	699.6	648.3	754.5	0.000135152369995698	0.038121522286255
DNAJB4	429.6	389.7	328.7	308.9	131.3	88.2	68.3	74.6	3.723503754586e-05	0.0183400345388636
VCAM1	63	38	36.1	44.3	1456.1	1894.1	1384.2	2287.1	5.98577797042689e-05	0.0218657525434463
ARHGAP29	1206.4	1128.9	1198.6	1139.3	896.8	911	817.5	916.9	2.61103388118279e-05	0.0161615744373323
NFKBIE	73.2	65	61	70.8	182.8	140.3	167.4	143	4.43956764391425e-05	0.0186654501527059
NMI	172.2	150.7	153.8	157.6	245.8	225.5	206.1	223.1	0.000158401602902333	0.041525446087914
SLC31A2	28.9	28.3	26.7	28.7	59.1	61.8	71.8	76.6	3.56872258536924e-05	0.0183400345388636
GCH1	48.8	44.8	44.8	49.5	79.5	78.5	66.2	81.2	0.000109813093199701	0.0340938791303638
F3	11.1	2.5	18.4	2.7	116.6	128.3	106.2	168.1	4.34489796798926e-05	0.0186654501527059
SLC12A2	191.2	146.9	152.9	133.7	456.3	427.5	381.8	379.3	6.85787366225703e-06	0.00694609085527607
SNCA	560.1	555.1	598.8	601	426.2	349.6	376.5	422.4	5.24708423793509e-05	0.0201587548403289
CXCL1	166.2	132.7	140.3	102.2	642.4	906.2	857.9	1157.2	0.000141778281743194	0.0390889378222899
RELB	33.7	34.9	31.9	33.5	143.3	154	143.8	117.1	2.59659498427588e-06	0.00385732840230796
BMP2	112	81	122	68.6	369.8	477.8	459.1	508.1	8.19147601942073e-06	0.00793611565829357
BMP2	100.4	124.7	145.4	141.3	526.5	570.7	571.3	402.4	2.26608555682673e-05	0.0144271955607914
CBR3	58.2	65.6	44.9	61.9	145.5	151.4	120.4	137.9	1.76717568844595e-05	0.0123056174580128
DACH1	98.6	107.2	76.7	79.8	43.5	31	26.5	34.4	0.000183760059844844	0.046530970608212
DACH1	34.9	36.8	34.8	31.5	11.8	11.3	2.3	16.9	0.000207176958880614	0.0485949913130182
CCL20	3	3.9	3.1	3.1	237.6	363.4	356.9	249.2	3.58448340138481e-05	0.0183400345388636
TRAF1	73.3	29	42.6	21.9	390.6	426.1	556.4	297.6	0.000174642562933349	0.0447305773545265
UBD///GABBR1	3.5	4	6.7	5	183.7	270.3	158.6	239.8	5.97015067534774e-05	0.0218657525434463
SELE	80.1	78.5	58.9	71.1	2195.5	2511.9	2649.8	3085.7	1.95226486448982e-06	0.00362519316461889
IL18R1	25.3	10.6	11	13.6	114.4	120.1	120.6	108.6	1.00939578638107e-07	0.000529345654355464
LPHN2	133.9	145.7	142.7	147.4	106.6	98.6	93.8	87.7	3.78603235106461e-05	0.0183400345388636
TNIP1	70.3	137.4	152.4	160.4	539	701.3	728.1	589.4	1.31227007844023e-05	0.0121454161587462
LTB	23.2	15.6	12.1	19.7	229.8	328	453.6	366.9	0.000149720435177933	0.0401954271936129
RAC1	2021.3	1882.5	2000.3	2010.9	2256.7	2303.1	2353.7	2291.9	4.65886064908823e-05	0.0188751621533878
JAG1	247.1	198.7	252.3	321	1438.6	1344	1459.4	1315.2	2.50428513718347e-08	0.000459215082318355
NFIB	534.5	528.3	537	455.5	296.2	290.7	223.8	207.9	4.05165758624738e-05	0.0184251195906838
SNRK	789.8	759.8	773.9	836.4	465.1	306.9	287.9	379.3	1.7294527756083e-05	0.0123056174580128
RIPK2	110.8	125.5	124.3	135.3	540.4	564	487.6	661.4	4.92471155185652e-06	0.00645513808882463
OSBPL3	69.8	85.6	83.1	67.1	137.9	156.4	138.9	123.7	9.46359365447532e-05	0.0319510996064657
NFKB2	1.6	7.8	10	1.8	32.8	28.1	35.9	35	3.78576746754647e-05	0.0183400345388636
GATA2	97.4	106	86.6	99.3	61.6	50.4	54.1	60.3	6.39618821594521e-05	0.0229881067767592
CD69	20.9	11.7	11.9	12.6	237.6	353.5	186.7	292.5	0.000148666955960026	0.0401954271936129
CFLAR	495	573.3	549	560	830.9	760.9	925.8	910	0.000103057234226857	0.033281512322856
RND1	20.4	16.6	14.9	10.7	87.2	99.6	94.2	124.9	1.60601345213283e-05	0.0123056174580128
IL1A	44.4	33.2	30.1	37.7	98.5	114.9	125.2	81.6	0.000191765738424572	0.0478531383842541
CSF2	8.9	3.6	4.4	3.9	177.1	122	194.6	162.4	1.41713781863932e-05	0.0121454161587462
BIRC3	5.3	6.7	5.5	7.9	111.4	149.2	135.7	89.8	3.94795240758014e-05	0.0184251195906838
DHRS7	148.3	162.8	154.3	180.9	217.6	226.1	218.4	211.4	0.000126950707933124	0.0362672131394077
CD47	224.8	237.3	227.7	246.3	502.9	643.1	532.8	704	8.89098636107032e-05	0.0304796690898046
CXCL11	30	29.6	26	26.1	70.5	74.7	60.8	55.2	8.34100909032431e-05	0.0290410477437026
CXCL8	53.8	81.8	112.6	58.4	1263.7	1271.6	1569.4	905.8	4.14734398302194e-05	0.0184830531947356
PLAU	38.1	110.9	85.9	100.6	292.4	324.7	250.4	224.8	0.000168415724124909	0.0436372974497135
IFNGR1	63.1	93.7	85.1	85.3	160.3	133.4	175.5	171.1	0.000193276598958079	0.0478531383842541
ACKR3	227.1	142.6	148.2	132.7	1518.1	1440.1	1167.6	1641.7	3.75896094371245e-06	0.00523505791929654
PGRMC2	135.1	131.2	131.4	126.4	82.2	90.5	81.5	82.8	1.20474821826932e-06	0.0029828227275217
TRIM22	406.8	413.2	384.7	417.7	520.9	572.7	571.7	639.8	0.000203496229714337	0.0484248680314981
F2RL1	595.4	575.5	605.1	548.7	911.7	1102.2	1120.6	1160.9	3.99792443983435e-05	0.0184251195906838
SAT1	111.5	182.4	136.9	161.3	313.3	423.8	370.2	386.3	5.92633004889512e-05	0.0218657525434463
NR2F2	150.7	193.7	187.1	136.3	69.7	71.8	66.5	59.6	0.000151815805741476	0.0402727571349678
SAMD4A	25.5	28.6	28.7	31.2	76.9	79.5	93.2	94	5.52285846873346e-06	0.00683699195882154
JAG1	192.9	160.5	256.1	258.4	884.9	1202.5	1062.1	1173.9	6.84560468248515e-06	0.00694609085527607
CCL2	726.6	356.6	351.9	262.3	3688.2	3996.6	4066.8	5139.7	6.6889175790274e-06	0.00694609085527607
CAB39	349.8	342.7	316.7	377.7	632.6	772.1	717.6	835.1	3.70118481235166e-05	0.0183400345388636
FAM129A	22.9	20.6	24.8	22.4	55.2	51.2	49.1	51.6	2.42710638134912e-06	0.00385732840230796
RNF7	176.7	166.4	180.7	189	118.2	114.7	125.7	92.4	9.85749441286115e-05	0.0327842608957888
C8orf4	41.6	24.6	29.2	22.6	74.6	74.9	76.5	75.4	1.53277628028835e-05	0.0123056174580128
LARP6	47.2	43.6	37.2	39.4	70.5	74.6	70	67.1	2.75989644256692e-05	0.0164479868262129
PALMD	272.3	350.3	312.1	326.8	160.7	133.3	121.1	124.5	2.02748948203612e-05	0.0133842775588675
IFIH1	1.5	2	2.2	2.5	38.3	47	34.3	50.8	1.76497235304907e-05	0.0123056174580128
EBI3	2.3	1.6	2.4	1.4	38	51.9	41.6	61.4	4.9353041253156e-05	0.019293575758668
FAT4	106.9	106.1	93.2	103.5	39.2	38	29.2	34.2	6.79284783912316e-07	0.00189206285498977
THSD1P1///THSD1	98.3	88.2	95.6	91.1	52.3	30.2	37.9	16.4	0.000108652791587153	0.0340938791303638
PSTPIP2	50.1	40.2	46.5	40.6	72.8	86.8	96.1	95.3	0.00014209056067879	0.0390889378222899
SLC2A6	49.2	27.7	41.1	56.2	119.5	152.5	152.7	185.6	0.000116844896405606	0.0347630789856268
NECAP2	335.5	301.8	300.6	349.6	427.5	489.5	472.5	443.8	0.000117005381857111	0.0347630789856268
SLC25A32	239.7	235.3	233.8	223.1	313	375.8	345.7	313.7	0.000198182681593692	0.0484248680314981
GINS2	83.1	91.4	76.1	83.1	35.6	45.7	36.3	49.8	4.92907808487132e-05	0.019293575758668
CYLD	42.8	38.4	41.6	34.8	121.1	122.5	123.3	133.7	6.18249448887073e-08	0.000459215082318355
ISG20	38.9	34.7	50.3	39.5	111.2	99.9	134.7	114.3	2.87874831136878e-05	0.0164479868262129
CX3CL1	31.6	25.9	27.7	26.2	568.2	778.7	610.5	698.2	2.13538980769797e-06	0.00366022239114876
